0 1
0.10000000000000001 1
0.20000000000000001 2
0.30000000000000004 8
0.40000000000000002 18
0.5 20.7373
0.59999999999999998 21.4492
0.69999999999999996 22.093
0.79999999999999993 22.7184
0.89999999999999991 23.3271
0.99999999999999989 23.7101
1.0999999999999999 1
1.2 2
1.3 4
1.4000000000000001 7
1.5000000000000002 10.199
1.6000000000000003 10.9586
1.7000000000000004 11.6685
1.8000000000000005 12.4184
1.9000000000000006 1
2.0000000000000004 2
2.1000000000000005 3
2.2000000000000006 6.32883
2.3000000000000007 7.49836
2.4000000000000008 8.3868
2.5000000000000009 9.29742
2.600000000000001 10.1256
2.7000000000000011 10.1256
2.8000000000000012 1
2.9000000000000012 1
