0 1
0.10000000000000001 1
0.20000000000000001 1
0.30000000000000004 3
0.40000000000000002 6
0.5 11
0.59999999999999998 12
0.69999999999999996 10.5
0.79999999999999993 10.5
0.89999999999999991 10.5
0.99999999999999989 9.5
1.0999999999999999 9.5
1.2 8.5
1.3 7.5
1.4000000000000001 7.5
1.5000000000000002 7.5
1.6000000000000003 7.5
1.7000000000000004 7.5
1.8000000000000005 7.5
1.9000000000000006 7.5
2.0000000000000004 7.5
2.1000000000000005 7.5
2.2000000000000006 7.5
2.3000000000000007 7.5
2.4000000000000008 7.5
2.5000000000000009 7.5
2.600000000000001 7.5
2.7000000000000011 7.5
2.8000000000000012 2
2.9000000000000012 2
