0 1
0.10000000000000001 1
0.20000000000000001 1
0.30000000000000004 2
0.40000000000000002 8
0.5 16
0.59999999999999998 20.3966
0.69999999999999996 21.025
0.79999999999999993 21.6351
0.89999999999999991 22.2285
0.99999999999999989 22.7184
1.0999999999999999 23.2411
1.2 24.1286
1.3 24.9444
1.4000000000000001 25.6173
1.5000000000000002 26.1202
1.6000000000000003 26.6887
1.7000000000000004 27.2454
1.8000000000000005 27.7908
1.9000000000000006 28.2196
2.0000000000000004 28.8854
2.1000000000000005 29.6039
2.2000000000000006 30.1398
2.3000000000000007 30.7316
2.4000000000000008 31.3121
2.5000000000000009 31.7878
2.600000000000001 32.2874
2.7000000000000011 32.7489
2.8000000000000012 33.5338
2.9000000000000012 34.0666
